[gd_scene load_steps=5 format=2]

[ext_resource path="res://Materials/Grass.tres" type="Material" id=1]

[sub_resource type="PlaneMesh" id=1]
size = Vector2( 1, 1 )

[sub_resource type="PlaneMesh" id=2]
size = Vector2( 1, 1 )

[sub_resource type="SphereMesh" id=3]
radius = 0.6
height = 0.9
radial_segments = 6
rings = 1

[node name="MeshInstance" type="MeshInstance"]
transform = Transform( 3.5, 0, 0, 0, -1.5299e-07, -4, 0, 3.5, -1.74846e-07, 0, 1.3187, 0 )
cast_shadow = 0
mesh = SubResource( 1 )
material/0 = ExtResource( 1 )

[node name="MeshInstance" type="MeshInstance" parent="."]
transform = Transform( -5.50781e-08, -0.951073, -0.308967, 1, -5.72168e-08, -2.13868e-09, -1.56441e-08, -0.308967, 0.951073, -0.124591, 0, 0 )
cast_shadow = 0
mesh = SubResource( 2 )
material/0 = ExtResource( 1 )

[node name="MeshInstance3" type="MeshInstance" parent="."]
transform = Transform( -1, 8.74228e-08, 0, -8.51456e-08, -0.973952, 0.226753, 1.98234e-08, 0.226753, 0.973952, 0, 0.0499814, -2.18476e-09 )
cast_shadow = 0
mesh = SubResource( 2 )
material/0 = ExtResource( 1 )

[node name="MeshInstance2" type="MeshInstance" parent="."]
transform = Transform( -5.51421e-08, 0.950364, 0.311141, -1, -5.73118e-08, -2.16968e-09, 1.57701e-08, -0.311141, 0.950364, 0.108984, 0, 0 )
cast_shadow = 0
mesh = SubResource( 2 )
material/0 = ExtResource( 1 )

[node name="MeshInstance4" type="MeshInstance" parent="."]
transform = Transform( 1, 0, 0, 0, -4.37114e-08, 1, 0, -1, -4.37114e-08, 0, 4.88733e-09, 0.111809 )
cast_shadow = 0
mesh = SubResource( 3 )
material/0 = ExtResource( 1 )
